61
0
-0.00467
-0.0059418
-0.0078113
-0.0105126
-0.0142862
-0.0169733
-0.0202723
-0.0226056
-0.0245211
-0.0260452
-0.0271277
-0.0284595
-0.0293786
-0.0299633
-0.0302404
-0.0302546
-0.030049
-0.0296656
-0.0291445
-0.0285181
-0.0278164
-0.0270696
-0.0263079
-0.0255565
-0.0248176
-0.024087
-0.0233606
-0.0226341
-0.0219042
-0.0211708
-0.0204353
-0.0196986
-0.0189619
-0.0182262
-0.0174914
-0.0167572
-0.0160232
-0.0152893
-0.0145551
-0.0138207
-0.0130862
-0.0123515
-0.0116169
-0.0108823
-0.0101478
-0.0094133
-0.0086788
-0.0079443
-0.0072098
-0.0064753
-0.0057408
-0.0050063
-0.0042718
-0.0035373
-0.0028028
-0.0020683
-0.0017011
-0.0013339
-0.0009666
-0.0005993
