61
0
0.002339
0.0037271
0.0058025
0.0089238
0.013735
0.0178581
0.0253735
0.0330215
0.0391283
0.0442753
0.0487571
0.0564308
0.0629981
0.0686204
0.073436
0.0775707
0.0810687
0.0839202
0.0861433
0.0878308
0.089084
0.0900016
0.0906804
0.0911857
0.0915079
0.0916266
0.0915212
0.0911712
0.0905657
0.0897175
0.0886427
0.0873572
0.0858772
0.0842145
0.0823712
0.080348
0.0781451
0.0757633
0.0732055
0.0704822
0.0676046
0.0645843
0.0614329
0.0581599
0.0547675
0.0512565
0.0476281
0.0438836
0.0400245
0.0360536
0.031974
0.0277891
0.0235025
0.0191156
0.0146239
0.0100232
0.0076868
0.0053335
0.002969
0.0005993
